(kicad_pcb (version 20171130) (host pcbnew "(5.0.2)-1")

  (general
    (thickness 1.6)
    (drawings 8)
    (tracks 963)
    (zones 0)
    (modules 58)
    (nets 92)
  )

  (page A4)
  (layers
    (0 F.Cu signal)
    (31 B.Cu signal)
    (32 B.Adhes user)
    (33 F.Adhes user)
    (34 B.Paste user)
    (35 F.Paste user)
    (36 B.SilkS user)
    (37 F.SilkS user)
    (38 B.Mask user)
    (39 F.Mask user)
    (40 Dwgs.User user)
    (41 Cmts.User user)
    (42 Eco1.User user)
    (43 Eco2.User user)
    (44 Edge.Cuts user)
    (45 Margin user)
    (46 B.CrtYd user)
    (47 F.CrtYd user)
    (48 B.Fab user)
    (49 F.Fab user hide)
  )

  (setup
    (last_trace_width 0.25)
    (trace_clearance 0.2)
    (zone_clearance 0.508)
    (zone_45_only no)
    (trace_min 0.2)
    (segment_width 0.2)
    (edge_width 0.15)
    (via_size 0.8)
    (via_drill 0.4)
    (via_min_size 0.4)
    (via_min_drill 0.3)
    (uvia_size 0.3)
    (uvia_drill 0.1)
    (uvias_allowed no)
    (uvia_min_size 0.2)
    (uvia_min_drill 0.1)
    (pcb_text_width 0.3)
    (pcb_text_size 1.5 1.5)
    (mod_edge_width 0.15)
    (mod_text_size 1 1)
    (mod_text_width 0.15)
    (pad_size 1.5 0.6)
    (pad_drill 0)
    (pad_to_mask_clearance 0.051)
    (solder_mask_min_width 0.25)
    (aux_axis_origin 0 0)
    (visible_elements 7FFFFFFF)
    (pcbplotparams
      (layerselection 0x010fc_ffffffff)
      (usegerberextensions false)
      (usegerberattributes false)
      (usegerberadvancedattributes false)
      (creategerberjobfile false)
      (excludeedgelayer true)
      (linewidth 0.100000)
      (plotframeref false)
      (viasonmask false)
      (mode 1)
      (useauxorigin false)
      (hpglpennumber 1)
      (hpglpenspeed 20)
      (hpglpendiameter 15.000000)
      (psnegative false)
      (psa4output false)
      (plotreference true)
      (plotvalue true)
      (plotinvisibletext false)
      (padsonsilk false)
      (subtractmaskfromsilk false)
      (outputformat 1)
      (mirror false)
      (drillshape 1)
      (scaleselection 1)
      (outputdirectory ""))
  )

  (net 0 "")
  (net 1 GND)
  (net 2 VCC)
  (net 3 +3V3)
  (net 4 "Net-(C3-Pad2)")
  (net 5 +5V)
  (net 6 "Net-(C7-Pad1)")
  (net 7 "Net-(C8-Pad1)")
  (net 8 +5VA)
  (net 9 "Net-(C16-Pad2)")
  (net 10 "Net-(C17-Pad2)")
  (net 11 "Net-(C18-Pad2)")
  (net 12 "Net-(C19-Pad1)")
  (net 13 "Net-(C21-Pad1)")
  (net 14 "Net-(C22-Pad2)")
  (net 15 CH1_OUT)
  (net 16 CH2_OUT)
  (net 17 "Net-(C23-Pad2)")
  (net 18 SDA)
  (net 19 SCL)
  (net 20 "Net-(J1-Pad4)")
  (net 21 D+)
  (net 22 D-)
  (net 23 BOOT1)
  (net 24 BOOT0)
  (net 25 "Net-(J3-Pad9)")
  (net 26 "Net-(J3-Pad8)")
  (net 27 SD_MISO)
  (net 28 SD_CLK)
  (net 29 SD_MOSI)
  (net 30 SD_CS)
  (net 31 "Net-(J3-Pad1)")
  (net 32 SWCLK)
  (net 33 SWDIO)
  (net 34 "Net-(J5-Pad2)")
  (net 35 "Net-(L3-Pad2)")
  (net 36 "Net-(R1-Pad1)")
  (net 37 "Net-(R2-Pad1)")
  (net 38 "Net-(R3-Pad1)")
  (net 39 "Net-(R4-Pad2)")
  (net 40 "Net-(R5-Pad1)")
  (net 41 "Net-(R6-Pad1)")
  (net 42 "Net-(R6-Pad2)")
  (net 43 "Net-(SW1-Pad2)")
  (net 44 "Net-(SW1-Pad3)")
  (net 45 PREV)
  (net 46 "Net-(SW2-Pad2)")
  (net 47 "Net-(SW2-Pad4)")
  (net 48 "Net-(SW3-Pad4)")
  (net 49 "Net-(SW3-Pad2)")
  (net 50 RAND)
  (net 51 NEXT)
  (net 52 "Net-(SW4-Pad2)")
  (net 53 "Net-(SW4-Pad4)")
  (net 54 "Net-(SW5-Pad4)")
  (net 55 "Net-(SW5-Pad2)")
  (net 56 OPTION)
  (net 57 D1)
  (net 58 D0)
  (net 59 YM_WR)
  (net 60 YM_IC)
  (net 61 "Net-(U2-Pad33)")
  (net 62 "Net-(U2-Pad32)")
  (net 63 TX)
  (net 64 RX)
  (net 65 YM_CS)
  (net 66 D7)
  (net 67 D6)
  (net 68 D5)
  (net 69 D4)
  (net 70 D3)
  (net 71 D2)
  (net 72 "Net-(U2-Pad13)")
  (net 73 "Net-(U2-Pad12)")
  (net 74 YM_CLK)
  (net 75 "Net-(U2-Pad10)")
  (net 76 "Net-(U2-Pad4)")
  (net 77 YM_A1)
  (net 78 YM_A0)
  (net 79 "Net-(U3-Pad6)")
  (net 80 "Net-(U3-Pad5)")
  (net 81 "Net-(U3-Pad4)")
  (net 82 "Net-(U4-Pad23)")
  (net 83 "Net-(U4-Pad22)")
  (net 84 "Net-(U4-Pad21)")
  (net 85 "Net-(U4-Pad20)")
  (net 86 "Net-(U4-Pad19)")
  (net 87 "Net-(U4-Pad9)")
  (net 88 "Net-(U4-Pad2)")
  (net 89 "Net-(U5-Pad15)")
  (net 90 "Net-(U5-Pad14)")
  (net 91 "Net-(J5-Pad3)")

  (net_class Default "This is the default net class."
    (clearance 0.2)
    (trace_width 0.25)
    (via_dia 0.8)
    (via_drill 0.4)
    (uvia_dia 0.3)
    (uvia_drill 0.1)
    (add_net BOOT0)
    (add_net BOOT1)
    (add_net CH1_OUT)
    (add_net CH2_OUT)
    (add_net D+)
    (add_net D-)
    (add_net D0)
    (add_net D1)
    (add_net D2)
    (add_net D3)
    (add_net D4)
    (add_net D5)
    (add_net D6)
    (add_net D7)
    (add_net GND)
    (add_net NEXT)
    (add_net "Net-(C16-Pad2)")
    (add_net "Net-(C17-Pad2)")
    (add_net "Net-(C18-Pad2)")
    (add_net "Net-(C19-Pad1)")
    (add_net "Net-(C21-Pad1)")
    (add_net "Net-(C22-Pad2)")
    (add_net "Net-(C23-Pad2)")
    (add_net "Net-(C3-Pad2)")
    (add_net "Net-(C7-Pad1)")
    (add_net "Net-(C8-Pad1)")
    (add_net "Net-(J1-Pad4)")
    (add_net "Net-(J3-Pad1)")
    (add_net "Net-(J3-Pad8)")
    (add_net "Net-(J3-Pad9)")
    (add_net "Net-(J5-Pad2)")
    (add_net "Net-(J5-Pad3)")
    (add_net "Net-(L3-Pad2)")
    (add_net "Net-(R1-Pad1)")
    (add_net "Net-(R2-Pad1)")
    (add_net "Net-(R3-Pad1)")
    (add_net "Net-(R4-Pad2)")
    (add_net "Net-(R5-Pad1)")
    (add_net "Net-(R6-Pad1)")
    (add_net "Net-(R6-Pad2)")
    (add_net "Net-(SW1-Pad2)")
    (add_net "Net-(SW1-Pad3)")
    (add_net "Net-(SW2-Pad2)")
    (add_net "Net-(SW2-Pad4)")
    (add_net "Net-(SW3-Pad2)")
    (add_net "Net-(SW3-Pad4)")
    (add_net "Net-(SW4-Pad2)")
    (add_net "Net-(SW4-Pad4)")
    (add_net "Net-(SW5-Pad2)")
    (add_net "Net-(SW5-Pad4)")
    (add_net "Net-(U2-Pad10)")
    (add_net "Net-(U2-Pad12)")
    (add_net "Net-(U2-Pad13)")
    (add_net "Net-(U2-Pad32)")
    (add_net "Net-(U2-Pad33)")
    (add_net "Net-(U2-Pad4)")
    (add_net "Net-(U3-Pad4)")
    (add_net "Net-(U3-Pad5)")
    (add_net "Net-(U3-Pad6)")
    (add_net "Net-(U4-Pad19)")
    (add_net "Net-(U4-Pad2)")
    (add_net "Net-(U4-Pad20)")
    (add_net "Net-(U4-Pad21)")
    (add_net "Net-(U4-Pad22)")
    (add_net "Net-(U4-Pad23)")
    (add_net "Net-(U4-Pad9)")
    (add_net "Net-(U5-Pad14)")
    (add_net "Net-(U5-Pad15)")
    (add_net OPTION)
    (add_net PREV)
    (add_net RAND)
    (add_net RX)
    (add_net SCL)
    (add_net SDA)
    (add_net SD_CLK)
    (add_net SD_CS)
    (add_net SD_MISO)
    (add_net SD_MOSI)
    (add_net SWCLK)
    (add_net SWDIO)
    (add_net TX)
    (add_net YM_A0)
    (add_net YM_A1)
    (add_net YM_CLK)
    (add_net YM_CS)
    (add_net YM_IC)
    (add_net YM_WR)
  )

  (net_class 3.3 ""
    (clearance 0.2)
    (trace_width 0.25)
    (via_dia 0.8)
    (via_drill 0.4)
    (uvia_dia 0.3)
    (uvia_drill 0.1)
    (add_net +3V3)
  )

  (net_class 5v ""
    (clearance 0.2)
    (trace_width 0.4)
    (via_dia 0.8)
    (via_drill 0.4)
    (uvia_dia 0.3)
    (uvia_drill 0.1)
    (add_net +5V)
    (add_net +5VA)
    (add_net VCC)
  )

  (module Buttons_Switches_THT:SW_TH_Tactile_Omron_B3F-10xx (layer F.Cu) (tedit 5D085F56) (tstamp 5D08533C)
    (at 158.115 129.9083)
    (descr SW_TH_Tactile_Omron_B3F-10xx_https://www.omron.com/ecb/products/pdf/en-b3f.pdf)
    (tags "Omron B3F-10xx")
    (path /5D0BD2C0)
    (fp_text reference PREV (at 3.25 6.6167) (layer F.SilkS)
      (effects (font (size 1 1) (thickness 0.15)))
    )
    (fp_text value SW_Push_Dual (at 3.2 6.5) (layer F.Fab)
      (effects (font (size 1 1) (thickness 0.15)))
    )
    (fp_line (start 0.25 5.25) (end 6.25 5.25) (layer F.Fab) (width 0.1))
    (fp_line (start 6.37 0.91) (end 6.37 3.59) (layer F.SilkS) (width 0.12))
    (fp_line (start 0.13 3.59) (end 0.13 0.91) (layer F.SilkS) (width 0.12))
    (fp_line (start 0.28 -0.87) (end 6.22 -0.87) (layer F.SilkS) (width 0.12))
    (fp_line (start 0.28 5.37) (end 6.22 5.37) (layer F.SilkS) (width 0.12))
    (fp_circle (center 3.25 2.25) (end 4.25 3.25) (layer F.SilkS) (width 0.12))
    (fp_line (start -1.1 -1.15) (end -1.1 5.6) (layer F.CrtYd) (width 0.05))
    (fp_line (start -1.1 5.6) (end 7.6 5.6) (layer F.CrtYd) (width 0.05))
    (fp_line (start 7.6 5.6) (end 7.6 -1.1) (layer F.CrtYd) (width 0.05))
    (fp_line (start 7.65 -1.15) (end -1.1 -1.15) (layer F.CrtYd) (width 0.05))
    (fp_text user %R (at 3.25 2.25) (layer F.Fab)
      (effects (font (size 1 1) (thickness 0.15)))
    )
    (fp_line (start 0.25 -0.75) (end 6.25 -0.75) (layer F.Fab) (width 0.1))
    (fp_line (start 6.25 -0.75) (end 6.25 5.25) (layer F.Fab) (width 0.1))
    (fp_line (start 0.25 -0.75) (end 0.25 5.25) (layer F.Fab) (width 0.1))
    (pad 1 thru_hole circle (at 0 0) (size 1.7 1.7) (drill 1) (layers *.Cu *.Mask)
      (net 45 PREV))
    (pad 2 thru_hole circle (at 6.5 0) (size 1.7 1.7) (drill 1) (layers *.Cu *.Mask)
      (net 46 "Net-(SW2-Pad2)"))
    (pad 3 thru_hole circle (at 0 4.5) (size 1.7 1.7) (drill 1) (layers *.Cu *.Mask)
      (net 1 GND))
    (pad 4 thru_hole circle (at 6.5 4.5) (size 1.7 1.7) (drill 1) (layers *.Cu *.Mask)
      (net 47 "Net-(SW2-Pad4)"))
    (model ${KISYS3DMOD}/Buttons_Switches_THT.3dshapes/SW_TH_Tactile_Omron_B3F-10xx.wrl
      (at (xyz 0 0 0))
      (scale (xyz 1 1 1))
      (rotate (xyz 0 0 0))
    )
  )

  (module Buttons_Switches_THT:SW_TH_Tactile_Omron_B3F-10xx (layer F.Cu) (tedit 5D085F5A) (tstamp 5D085352)
    (at 167.3352 129.9083)
    (descr SW_TH_Tactile_Omron_B3F-10xx_https://www.omron.com/ecb/products/pdf/en-b3f.pdf)
    (tags "Omron B3F-10xx")
    (path /5D0BE187)
    (fp_text reference RAND (at 3.25 6.6167) (layer F.SilkS)
      (effects (font (size 1 1) (thickness 0.15)))
    )
    (fp_text value SW_Push_Dual (at 3.2 6.5) (layer F.Fab)
      (effects (font (size 1 1) (thickness 0.15)))
    )
    (fp_line (start 0.25 -0.75) (end 0.25 5.25) (layer F.Fab) (width 0.1))
    (fp_line (start 6.25 -0.75) (end 6.25 5.25) (layer F.Fab) (width 0.1))
    (fp_line (start 0.25 -0.75) (end 6.25 -0.75) (layer F.Fab) (width 0.1))
    (fp_text user %R (at 3.25 2.25) (layer F.Fab)
      (effects (font (size 1 1) (thickness 0.15)))
    )
    (fp_line (start 7.65 -1.15) (end -1.1 -1.15) (layer F.CrtYd) (width 0.05))
    (fp_line (start 7.6 5.6) (end 7.6 -1.1) (layer F.CrtYd) (width 0.05))
    (fp_line (start -1.1 5.6) (end 7.6 5.6) (layer F.CrtYd) (width 0.05))
    (fp_line (start -1.1 -1.15) (end -1.1 5.6) (layer F.CrtYd) (width 0.05))
    (fp_circle (center 3.25 2.25) (end 4.25 3.25) (layer F.SilkS) (width 0.12))
    (fp_line (start 0.28 5.37) (end 6.22 5.37) (layer F.SilkS) (width 0.12))
    (fp_line (start 0.28 -0.87) (end 6.22 -0.87) (layer F.SilkS) (width 0.12))
    (fp_line (start 0.13 3.59) (end 0.13 0.91) (layer F.SilkS) (width 0.12))
    (fp_line (start 6.37 0.91) (end 6.37 3.59) (layer F.SilkS) (width 0.12))
    (fp_line (start 0.25 5.25) (end 6.25 5.25) (layer F.Fab) (width 0.1))
    (pad 4 thru_hole circle (at 6.5 4.5) (size 1.7 1.7) (drill 1) (layers *.Cu *.Mask)
      (net 48 "Net-(SW3-Pad4)"))
    (pad 3 thru_hole circle (at 0 4.5) (size 1.7 1.7) (drill 1) (layers *.Cu *.Mask)
      (net 1 GND))
    (pad 2 thru_hole circle (at 6.5 0) (size 1.7 1.7) (drill 1) (layers *.Cu *.Mask)
      (net 49 "Net-(SW3-Pad2)"))
    (pad 1 thru_hole circle (at 0 0) (size 1.7 1.7) (drill 1) (layers *.Cu *.Mask)
      (net 50 RAND))
    (model ${KISYS3DMOD}/Buttons_Switches_THT.3dshapes/SW_TH_Tactile_Omron_B3F-10xx.wrl
      (at (xyz 0 0 0))
      (scale (xyz 1 1 1))
      (rotate (xyz 0 0 0))
    )
  )

  (module Buttons_Switches_THT:SW_TH_Tactile_Omron_B3F-10xx (layer F.Cu) (tedit 5D085F5F) (tstamp 5D085368)
    (at 176.53 129.9083)
    (descr SW_TH_Tactile_Omron_B3F-10xx_https://www.omron.com/ecb/products/pdf/en-b3f.pdf)
    (tags "Omron B3F-10xx")
    (path /5D0C3590)
    (fp_text reference NEXT (at 3.25 6.6167) (layer F.SilkS)
      (effects (font (size 1 1) (thickness 0.15)))
    )
    (fp_text value SW_Push_Dual (at 3.2 6.5) (layer F.Fab)
      (effects (font (size 1 1) (thickness 0.15)))
    )
    (fp_line (start 0.25 5.25) (end 6.25 5.25) (layer F.Fab) (width 0.1))
    (fp_line (start 6.37 0.91) (end 6.37 3.59) (layer F.SilkS) (width 0.12))
    (fp_line (start 0.13 3.59) (end 0.13 0.91) (layer F.SilkS) (width 0.12))
    (fp_line (start 0.28 -0.87) (end 6.22 -0.87) (layer F.SilkS) (width 0.12))
    (fp_line (start 0.28 5.37) (end 6.22 5.37) (layer F.SilkS) (width 0.12))
    (fp_circle (center 3.25 2.25) (end 4.25 3.25) (layer F.SilkS) (width 0.12))
    (fp_line (start -1.1 -1.15) (end -1.1 5.6) (layer F.CrtYd) (width 0.05))
    (fp_line (start -1.1 5.6) (end 7.6 5.6) (layer F.CrtYd) (width 0.05))
    (fp_line (start 7.6 5.6) (end 7.6 -1.1) (layer F.CrtYd) (width 0.05))
    (fp_line (start 7.65 -1.15) (end -1.1 -1.15) (layer F.CrtYd) (width 0.05))
    (fp_text user %R (at 3.25 2.25) (layer F.Fab)
      (effects (font (size 1 1) (thickness 0.15)))
    )
    (fp_line (start 0.25 -0.75) (end 6.25 -0.75) (layer F.Fab) (width 0.1))
    (fp_line (start 6.25 -0.75) (end 6.25 5.25) (layer F.Fab) (width 0.1))
    (fp_line (start 0.25 -0.75) (end 0.25 5.25) (layer F.Fab) (width 0.1))
    (pad 1 thru_hole circle (at 0 0) (size 1.7 1.7) (drill 1) (layers *.Cu *.Mask)
      (net 51 NEXT))
    (pad 2 thru_hole circle (at 6.5 0) (size 1.7 1.7) (drill 1) (layers *.Cu *.Mask)
      (net 52 "Net-(SW4-Pad2)"))
    (pad 3 thru_hole circle (at 0 4.5) (size 1.7 1.7) (drill 1) (layers *.Cu *.Mask)
      (net 1 GND))
    (pad 4 thru_hole circle (at 6.5 4.5) (size 1.7 1.7) (drill 1) (layers *.Cu *.Mask)
      (net 53 "Net-(SW4-Pad4)"))
    (model ${KISYS3DMOD}/Buttons_Switches_THT.3dshapes/SW_TH_Tactile_Omron_B3F-10xx.wrl
      (at (xyz 0 0 0))
      (scale (xyz 1 1 1))
      (rotate (xyz 0 0 0))
    )
  )

  (module Buttons_Switches_THT:SW_TH_Tactile_Omron_B3F-10xx (layer F.Cu) (tedit 5D085F48) (tstamp 5D08537E)
    (at 167.3352 122.555)
    (descr SW_TH_Tactile_Omron_B3F-10xx_https://www.omron.com/ecb/products/pdf/en-b3f.pdf)
    (tags "Omron B3F-10xx")
    (path /5D0C8984)
    (fp_text reference PLAYMODE (at 3.25 -2.05) (layer F.SilkS)
      (effects (font (size 1 1) (thickness 0.15)))
    )
    (fp_text value SW_Push_Dual (at 3.2 6.5) (layer F.Fab)
      (effects (font (size 1 1) (thickness 0.15)))
    )
    (fp_line (start 0.25 -0.75) (end 0.25 5.25) (layer F.Fab) (width 0.1))
    (fp_line (start 6.25 -0.75) (end 6.25 5.25) (layer F.Fab) (width 0.1))
    (fp_line (start 0.25 -0.75) (end 6.25 -0.75) (layer F.Fab) (width 0.1))
    (fp_text user %R (at 3.25 2.25) (layer F.Fab)
      (effects (font (size 1 1) (thickness 0.15)))
    )
    (fp_line (start 7.65 -1.15) (end -1.1 -1.15) (layer F.CrtYd) (width 0.05))
    (fp_line (start 7.6 5.6) (end 7.6 -1.1) (layer F.CrtYd) (width 0.05))
    (fp_line (start -1.1 5.6) (end 7.6 5.6) (layer F.CrtYd) (width 0.05))
    (fp_line (start -1.1 -1.15) (end -1.1 5.6) (layer F.CrtYd) (width 0.05))
    (fp_circle (center 3.25 2.25) (end 4.25 3.25) (layer F.SilkS) (width 0.12))
    (fp_line (start 0.28 5.37) (end 6.22 5.37) (layer F.SilkS) (width 0.12))
    (fp_line (start 0.28 -0.87) (end 6.22 -0.87) (layer F.SilkS) (width 0.12))
    (fp_line (start 0.13 3.59) (end 0.13 0.91) (layer F.SilkS) (width 0.12))
    (fp_line (start 6.37 0.91) (end 6.37 3.59) (layer F.SilkS) (width 0.12))
    (fp_line (start 0.25 5.25) (end 6.25 5.25) (layer F.Fab) (width 0.1))
    (pad 4 thru_hole circle (at 6.5 4.5) (size 1.7 1.7) (drill 1) (layers *.Cu *.Mask)
      (net 54 "Net-(SW5-Pad4)"))
    (pad 3 thru_hole circle (at 0 4.5) (size 1.7 1.7) (drill 1) (layers *.Cu *.Mask)
      (net 1 GND))
    (pad 2 thru_hole circle (at 6.5 0) (size 1.7 1.7) (drill 1) (layers *.Cu *.Mask)
      (net 55 "Net-(SW5-Pad2)"))
    (pad 1 thru_hole circle (at 0 0) (size 1.7 1.7) (drill 1) (layers *.Cu *.Mask)
      (net 56 OPTION))
    (model ${KISYS3DMOD}/Buttons_Switches_THT.3dshapes/SW_TH_Tactile_Omron_B3F-10xx.wrl
      (at (xyz 0 0 0))
      (scale (xyz 1 1 1))
      (rotate (xyz 0 0 0))
    )
  )

  (module customMicroSD:SOFNG_TF_15x15_PUSH_PUSH (layer F.Cu) (tedit 5D085B06) (tstamp 5D0851D2)
    (at 163.83 98.425)
    (path /5D069A71)
    (fp_text reference J3 (at 11.9507 -1.2319) (layer F.SilkS)
      (effects (font (size 1 1) (thickness 0.15)))
    )
    (fp_text value Micro_SD_Card (at 0 -0.5) (layer F.Fab)
      (effects (font (size 1 1) (thickness 0.15)))
    )
    (fp_line (start -4.8 -14.4576) (end -4.8 -10.8) (layer F.SilkS) (width 0.15))
    (fp_line (start 9.678 -14.5) (end -4.8 -14.5) (layer F.SilkS) (width 0.15))
    (fp_line (start 9.7 -10.7) (end 9.7 -14.4592) (layer F.SilkS) (width 0.15))
    (pad "" np_thru_hole circle (at -0.8 -10.055) (size 1.1 1.1) (drill 1.1) (layers *.Cu *.Mask))
    (pad "" np_thru_hole circle (at 7.2 -10.055) (size 1.1 1.1) (drill 1.1) (layers *.Cu *.Mask))
    (pad "" smd rect (at 10.251 -9.799) (size 1.4 2.2) (layers F.Cu F.Paste F.Mask))
    (pad "" smd rect (at -5.499 -9.601) (size 1.4 2.2) (layers F.Cu F.Paste F.Mask))
    (pad "" smd rect (at -4.498 -0.5) (size 1.8 1.4) (layers F.Cu F.Paste F.Mask))
    (pad "" smd rect (at 10.05 -0.5) (size 1.6 1.4) (layers F.Cu F.Paste F.Mask))
    (pad 9 smd rect (at 8.8 0) (size 0.7 1.4) (layers F.Cu F.Paste F.Mask)
      (net 25 "Net-(J3-Pad9)"))
    (pad 8 smd rect (at 7.7 0) (size 0.7 1.4) (layers F.Cu F.Paste F.Mask)
      (net 26 "Net-(J3-Pad8)"))
    (pad 7 smd rect (at 6.6 0) (size 0.7 1.4) (layers F.Cu F.Paste F.Mask)
      (net 27 SD_MISO))
    (pad 6 smd rect (at 5.5 0) (size 0.7 1.4) (layers F.Cu F.Paste F.Mask)
      (net 1 GND))
    (pad 5 smd rect (at 4.4 0) (size 0.7 1.4) (layers F.Cu F.Paste F.Mask)
      (net 28 SD_CLK))
    (pad 4 smd rect (at 3.3 0) (size 0.7 1.4) (layers F.Cu F.Paste F.Mask)
      (net 3 +3V3))
    (pad 3 smd rect (at 2.2 0) (size 0.7 1.4) (layers F.Cu F.Paste F.Mask)
      (net 29 SD_MOSI))
    (pad 2 smd rect (at 1.1 0) (size 0.7 1.4) (layers F.Cu F.Paste F.Mask)
      (net 30 SD_CS))
    (pad 1 smd rect (at 0 0) (size 0.7 1.4) (layers F.Cu F.Paste F.Mask)
      (net 31 "Net-(J3-Pad1)"))
  )

  (module 35RAPC4BHN2:SWITCHCRAFT_35RAPC4BHN2 (layer F.Cu) (tedit 5D085761) (tstamp 5D085230)
    (at 212.725 91.44 180)
    (path /5D14207F)
    (fp_text reference J5 (at -3.97529 -8.66834 180) (layer F.SilkS)
      (effects (font (size 1.00386 1.00386) (thickness 0.05)))
    )
    (fp_text value Audio-Jack-3 (at -3.44121 9.13891 180) (layer F.SilkS) hide
      (effects (font (size 1.00249 1.00249) (thickness 0.05)))
    )
    (fp_line (start -3 7.5) (end 3 7.5) (layer F.SilkS) (width 0.127))
    (fp_line (start -4.5 5.5) (end -3 5.5) (layer F.SilkS) (width 0.127))
    (fp_line (start -3 5.5) (end 3 5.5) (layer F.SilkS) (width 0.127))
    (fp_line (start 3 5.5) (end 4.5 5.5) (layer F.SilkS) (width 0.127))
    (fp_line (start -6 -7.5) (end 6 -7.5) (layer F.SilkS) (width 0.127))
    (fp_line (start -4.5 4.7) (end -6 4.7) (layer F.SilkS) (width 0.127))
    (fp_line (start -6 4.7) (end -6 -7.5) (layer F.SilkS) (width 0.127))
    (fp_line (start 6 -7.5) (end 6 4.7) (layer F.SilkS) (width 0.127))
    (fp_line (start 6 4.7) (end 4.5 4.7) (layer F.SilkS) (width 0.127))
    (fp_line (start -3 7.5) (end -3 5.5) (layer F.SilkS) (width 0.127))
    (fp_line (start 3 7.5) (end 3 5.5) (layer F.SilkS) (width 0.127))
    (fp_line (start -4.5 5.5) (end -4.5 4.7) (layer F.SilkS) (width 0.127))
    (fp_line (start 4.5 4.7) (end 4.5 5.5) (layer F.SilkS) (width 0.127))
    (fp_line (start -6.25 -7.75) (end 6.25 -7.75) (layer Eco1.User) (width 0.05))
    (fp_line (start 6.25 -7.75) (end 6.25 5.75) (layer Eco1.User) (width 0.05))
    (fp_line (start 6.25 5.75) (end 3.25 5.75) (layer Eco1.User) (width 0.05))
    (fp_line (start 3.25 5.75) (end 3.25 7.75) (layer Eco1.User) (width 0.05))
    (fp_line (start 3.25 7.75) (end -3.25 7.75) (layer Eco1.User) (width 0.05))
    (fp_line (start -3.25 7.75) (end -3.25 5.75) (layer Eco1.User) (width 0.05))
    (fp_line (start -3.25 5.75) (end -6.25 5.75) (layer Eco1.User) (width 0.05))
    (fp_line (start -6.25 5.75) (end -6.25 -7.75) (layer Eco1.User) (width 0.05))
    (fp_line (start -3 7.5) (end 3 7.5) (layer Eco2.User) (width 0.127))
    (fp_line (start -4.5 5.5) (end -3 5.5) (layer Eco2.User) (width 0.127))
    (fp_line (start -3 5.5) (end 3 5.5) (layer Eco2.User) (width 0.127))
    (fp_line (start 3 5.5) (end 4.5 5.5) (layer Eco2.User) (width 0.127))
    (fp_line (start -6 -7.5) (end 6 -7.5) (layer Eco2.User) (width 0.127))
    (fp_line (start -4.5 4.7) (end -6 4.7) (layer Eco2.User) (width 0.127))
    (fp_line (start -6 4.7) (end -6 -7.5) (layer Eco2.User) (width 0.127))
    (fp_line (start 6 -7.5) (end 6 4.7) (layer Eco2.User) (width 0.127))
    (fp_line (start 6 4.7) (end 4.5 4.7) (layer Eco2.User) (width 0.127))
    (fp_line (start -3 7.5) (end -3 5.5) (layer Eco2.User) (width 0.127))
    (fp_line (start 3 7.5) (end 3 5.5) (layer Eco2.User) (width 0.127))
    (fp_line (start -4.5 5.5) (end -4.5 4.7) (layer Eco2.User) (width 0.127))
    (fp_line (start 4.5 4.7) (end 4.5 5.5) (layer Eco2.User) (width 0.127))
    (pad 2 thru_hole oval (at 5 -4 270) (size 2.6 1.3) (drill oval 0.9906 0.6) (layers *.Cu *.Mask)
      (net 34 "Net-(J5-Pad2)"))
    (pad 3 thru_hole oval (at -5 -4 270) (size 2.6 1.3) (drill oval 0.9906 0.6) (layers *.Cu *.Mask)
      (net 91 "Net-(J5-Pad3)"))
    (pad 11 thru_hole oval (at -2.5 -4 270) (size 2.6 1.3) (drill oval 0.9906 0.6) (layers *.Cu *.Mask))
    (pad 10 thru_hole oval (at 2.5 -4 270) (size 2.6 1.3) (drill oval 0.9906 0.6) (layers *.Cu *.Mask))
    (pad 1 thru_hole oval (at 0 1) (size 2.6 1.3) (drill oval 0.9906 0.6) (layers *.Cu *.Mask)
      (net 1 GND))
    (pad Hole np_thru_hole circle (at 0 -4 180) (size 1.2 1.2) (drill 1.2) (layers *.Cu *.Mask F.SilkS))
    (pad Hole np_thru_hole circle (at -5 1 180) (size 1.2 1.2) (drill 1.2) (layers *.Cu *.Mask F.SilkS))
    (pad Hole np_thru_hole circle (at -5 3.5 180) (size 1.2 1.2) (drill 1.2) (layers *.Cu *.Mask F.SilkS))
    (pad Hole np_thru_hole circle (at 5 1 180) (size 1.2 1.2) (drill 1.2) (layers *.Cu *.Mask F.SilkS))
    (pad Hole np_thru_hole circle (at 5 3.5 180) (size 1.2 1.2) (drill 1.2) (layers *.Cu *.Mask F.SilkS))
  )

  (module Capacitors_SMD:CP_Elec_3x5.3 (layer F.Cu) (tedit 58AA85CF) (tstamp 5D08517B)
    (at 226.695 104.775 90)
    (descr "SMT capacitor, aluminium electrolytic, 3x5.3")
    (path /5D10F969)
    (attr smd)
    (fp_text reference C23 (at -0.1905 2.54 90) (layer F.SilkS)
      (effects (font (size 1 1) (thickness 0.15)))
    )
    (fp_text value 10uF (at -0.03 -2.9 90) (layer F.Fab)
      (effects (font (size 1 1) (thickness 0.15)))
    )
    (fp_line (start 2.85 1.82) (end -2.85 1.82) (layer F.CrtYd) (width 0.05))
    (fp_line (start 2.85 1.82) (end 2.85 -1.82) (layer F.CrtYd) (width 0.05))
    (fp_line (start -2.85 -1.82) (end -2.85 1.82) (layer F.CrtYd) (width 0.05))
    (fp_line (start -2.85 -1.82) (end 2.85 -1.82) (layer F.CrtYd) (width 0.05))
    (fp_line (start 1.73 -1.71) (end -0.81 -1.71) (layer F.SilkS) (width 0.12))
    (fp_line (start -0.83 1.73) (end 1.71 1.73) (layer F.SilkS) (width 0.12))
    (fp_line (start 1.73 -1.71) (end 1.73 -1.12) (layer F.SilkS) (width 0.12))
    (fp_line (start -0.81 -1.71) (end -1.41 -1.12) (layer F.SilkS) (width 0.12))
    (fp_line (start 1.73 1.73) (end 1.73 1.12) (layer F.SilkS) (width 0.12))
    (fp_line (start -0.83 1.73) (end -1.44 1.12) (layer F.SilkS) (width 0.12))
    (fp_line (start 1.57 -1.56) (end -0.75 -1.56) (layer F.Fab) (width 0.1))
    (fp_line (start 1.56 1.57) (end -0.76 1.57) (layer F.Fab) (width 0.1))
    (fp_line (start 1.57 1.57) (end 1.57 -1.56) (layer F.Fab) (width 0.1))
    (fp_line (start -0.76 1.57) (end -1.56 0.77) (layer F.Fab) (width 0.1))
    (fp_line (start -0.75 -1.56) (end -1.56 -0.75) (layer F.Fab) (width 0.1))
    (fp_line (start -1.56 -0.75) (end -1.56 0.77) (layer F.Fab) (width 0.1))
    (fp_text user %R (at 0 2.9 90) (layer F.Fab)
      (effects (font (size 1 1) (thickness 0.15)))
    )
    (fp_text user + (at -2.22 1.4 90) (layer F.SilkS)
      (effects (font (size 1 1) (thickness 0.15)))
    )
    (fp_text user + (at -0.94 -0.08 90) (layer F.Fab)
      (effects (font (size 1 1) (thickness 0.15)))
    )
    (fp_circle (center 0 0) (end 0.3 1.5) (layer F.Fab) (width 0.1))
    (pad 1 smd rect (at -1.5 0 90) (size 2.2 1.6) (layers F.Cu F.Paste F.Mask)
      (net 16 CH2_OUT))
    (pad 2 smd rect (at 1.5 0 90) (size 2.2 1.6) (layers F.Cu F.Paste F.Mask)
      (net 17 "Net-(C23-Pad2)"))
    (model Capacitors_SMD.3dshapes/CP_Elec_3x5.3.wrl
      (at (xyz 0 0 0))
      (scale (xyz 1 1 1))
      (rotate (xyz 0 0 180))
    )
  )

  (module Mounting_Holes:MountingHole_3.2mm_M3 (layer F.Cu) (tedit 5D0829E3) (tstamp 5D08DB8B)
    (at 226.06 87.63)
    (descr "Mounting Hole 3.2mm, no annular, M3")
    (tags "mounting hole 3.2mm no annular m3")
    (path /5D0CCEE7)
    (attr virtual)
    (fp_text reference H4 (at 0 -4.2) (layer F.SilkS) hide
      (effects (font (size 1 1) (thickness 0.15)))
    )
    (fp_text value M3 (at 0 4.2) (layer F.Fab)
      (effects (font (size 1 1) (thickness 0.15)))
    )
    (fp_text user %R (at 0.3 0) (layer F.Fab)
      (effects (font (size 1 1) (thickness 0.15)))
    )
    (fp_circle (center 0 0) (end 3.2 0) (layer Cmts.User) (width 0.15))
    (fp_circle (center 0 0) (end 3.45 0) (layer F.CrtYd) (width 0.05))
    (pad 1 np_thru_hole circle (at 0 0) (size 3.2 3.2) (drill 3.2) (layers *.Cu *.Mask))
  )

  (module Mounting_Holes:MountingHole_3.2mm_M3 (layer F.Cu) (tedit 5D0829E7) (tstamp 5D08DB83)
    (at 153.67 87.63)
    (descr "Mounting Hole 3.2mm, no annular, M3")
    (tags "mounting hole 3.2mm no annular m3")
    (path /5D0CCE57)
    (attr virtual)
    (fp_text reference H3 (at 0 -4.2) (layer F.SilkS) hide
      (effects (font (size 1 1) (thickness 0.15)))
    )
    (fp_text value M3 (at 0 4.2) (layer F.Fab)
      (effects (font (size 1 1) (thickness 0.15)))
    )
    (fp_circle (center 0 0) (end 3.45 0) (layer F.CrtYd) (width 0.05))
    (fp_circle (center 0 0) (end 3.2 0) (layer Cmts.User) (width 0.15))
    (fp_text user %R (at 0.3 0) (layer F.Fab)
      (effects (font (size 1 1) (thickness 0.15)))
    )
    (pad 1 np_thru_hole circle (at 0 0) (size 3.2 3.2) (drill 3.2) (layers *.Cu *.Mask))
  )

  (module Mounting_Holes:MountingHole_3.2mm_M3 (layer F.Cu) (tedit 5D0829EB) (tstamp 5D08DB7B)
    (at 153.67 137.16)
    (descr "Mounting Hole 3.2mm, no annular, M3")
    (tags "mounting hole 3.2mm no annular m3")
    (path /5D0CCDCD)
    (attr virtual)
    (fp_text reference H2 (at 0 -4.2) (layer F.SilkS) hide
      (effects (font (size 1 1) (thickness 0.15)))
    )
    (fp_text value M3 (at 0 4.2) (layer F.Fab)
      (effects (font (size 1 1) (thickness 0.15)))
    )
    (fp_text user %R (at 0.3 0) (layer F.Fab)
      (effects (font (size 1 1) (thickness 0.15)))
    )
    (fp_circle (center 0 0) (end 3.2 0) (layer Cmts.User) (width 0.15))
    (fp_circle (center 0 0) (end 3.45 0) (layer F.CrtYd) (width 0.05))
    (pad 1 np_thru_hole circle (at 0 0) (size 3.2 3.2) (drill 3.2) (layers *.Cu *.Mask))
  )

  (module Mounting_Holes:MountingHole_3.2mm_M3 (layer F.Cu) (tedit 5D0829F1) (tstamp 5D08DB73)
    (at 226.06 137.16)
    (descr "Mounting Hole 3.2mm, no annular, M3")
    (tags "mounting hole 3.2mm no annular m3")
    (path /5D0CCC85)
    (attr virtual)
    (fp_text reference H1 (at 0 -4.2) (layer F.SilkS) hide
      (effects (font (size 1 1) (thickness 0.15)))
    )
    (fp_text value M3 (at 0 4.2) (layer F.Fab)
      (effects (font (size 1 1) (thickness 0.15)))
    )
    (fp_circle (center 0 0) (end 3.45 0) (layer F.CrtYd) (width 0.05))
    (fp_circle (center 0 0) (end 3.2 0) (layer Cmts.User) (width 0.15))
    (fp_text user %R (at 0.3 0) (layer F.Fab)
      (effects (font (size 1 1) (thickness 0.15)))
    )
    (pad 1 np_thru_hole circle (at 0 0) (size 3.2 3.2) (drill 3.2) (layers *.Cu *.Mask))
  )

  (module oled_display:128x32_OLED_I2C_Module (layer F.Cu) (tedit 5D082C06) (tstamp 5D085188)
    (at 186.055 129.54)
    (path /5D077C17)
    (fp_text reference DS1 (at 0.635 -6.985) (layer F.SilkS)
      (effects (font (size 1 1) (thickness 0.15)))
    )
    (fp_text value 128x32_I2C_OLED (at 18.415 0) (layer F.Fab)
      (effects (font (size 1 1) (thickness 0.15)))
    )
    (fp_line (start 0 6) (end 38 6) (layer F.SilkS) (width 0.15))
    (fp_line (start 38 6) (end 38 -6) (layer F.SilkS) (width 0.15))
    (fp_line (start 0 -6) (end 38 -6) (layer F.SilkS) (width 0.15))
    (fp_line (start 0 0) (end 0 6) (layer F.SilkS) (width 0.15))
    (fp_line (start 0 0) (end 0 -6) (layer F.SilkS) (width 0.15))
    (pad 4 thru_hole circle (at 2 4) (size 1.524 1.524) (drill 0.762) (layers *.Mask B.Cu)
      (net 1 GND))
    (pad 3 thru_hole circle (at 2 1.46) (size 1.524 1.524) (drill 0.762) (layers *.Cu *.Mask)
      (net 13 "Net-(C21-Pad1)"))
    (pad 2 thru_hole circle (at 2 -1.08) (size 1.524 1.524) (drill 0.762) (layers *.Cu *.Mask)
      (net 19 SCL))
    (pad 1 thru_hole circle (at 2 -3.62) (size 1.524 1.524) (drill 0.762) (layers *.Cu *.Mask)
      (net 18 SDA))
  )

  (module Capacitors_SMD:C_1206 (layer F.Cu) (tedit 58AA84B8) (tstamp 5D084FD8)
    (at 161.925 125.7935)
    (descr "Capacitor SMD 1206, reflow soldering, AVX (see smccp.pdf)")
    (tags "capacitor 1206")
    (path /5D058A9F)
    (attr smd)
    (fp_text reference C1 (at 1.27 -1.75) (layer F.SilkS)
      (effects (font (size 1 1) (thickness 0.15)))
    )
    (fp_text value 10uF (at 0 2) (layer F.Fab)
      (effects (font (size 1 1) (thickness 0.15)))
    )
    (fp_line (start 2.25 1.05) (end -2.25 1.05) (layer F.CrtYd) (width 0.05))
    (fp_line (start 2.25 1.05) (end 2.25 -1.05) (layer F.CrtYd) (width 0.05))
    (fp_line (start -2.25 -1.05) (end -2.25 1.05) (layer F.CrtYd) (width 0.05))
    (fp_line (start -2.25 -1.05) (end 2.25 -1.05) (layer F.CrtYd) (width 0.05))
    (fp_line (start -1 1.02) (end 1 1.02) (layer F.SilkS) (width 0.12))
    (fp_line (start 1 -1.02) (end -1 -1.02) (layer F.SilkS) (width 0.12))
    (fp_line (start -1.6 -0.8) (end 1.6 -0.8) (layer F.Fab) (width 0.1))
    (fp_line (start 1.6 -0.8) (end 1.6 0.8) (layer F.Fab) (width 0.1))
    (fp_line (start 1.6 0.8) (end -1.6 0.8) (layer F.Fab) (width 0.1))
    (fp_line (start -1.6 0.8) (end -1.6 -0.8) (layer F.Fab) (width 0.1))
    (fp_text user %R (at 0 -1.75) (layer F.Fab)
      (effects (font (size 1 1) (thickness 0.15)))
    )
    (pad 2 smd rect (at 1.5 0) (size 1 1.6) (layers F.Cu F.Paste F.Mask)
      (net 1 GND))
    (pad 1 smd rect (at -1.5 0) (size 1 1.6) (layers F.Cu F.Paste F.Mask)
      (net 2 VCC))
    (model Capacitors_SMD.3dshapes/C_1206.wrl
      (at (xyz 0 0 0))
      (scale (xyz 1 1 1))
      (rotate (xyz 0 0 0))
    )
  )

  (module Capacitors_SMD:C_1206 (layer F.Cu) (tedit 58AA84B8) (tstamp 5D084FE9)
    (at 156.845 125.73 180)
    (descr "Capacitor SMD 1206, reflow soldering, AVX (see smccp.pdf)")
    (tags "capacitor 1206")
    (path /5D058C1E)
    (attr smd)
    (fp_text reference C2 (at 3.175 0 180) (layer F.SilkS)
      (effects (font (size 1 1) (thickness 0.15)))
    )
    (fp_text value 10uF (at 0 2 180) (layer F.Fab)
      (effects (font (size 1 1) (thickness 0.15)))
    )
    (fp_text user %R (at 0 -1.75 180) (layer F.Fab)
      (effects (font (size 1 1) (thickness 0.15)))
    )
    (fp_line (start -1.6 0.8) (end -1.6 -0.8) (layer F.Fab) (width 0.1))
    (fp_line (start 1.6 0.8) (end -1.6 0.8) (layer F.Fab) (width 0.1))
    (fp_line (start 1.6 -0.8) (end 1.6 0.8) (layer F.Fab) (width 0.1))
    (fp_line (start -1.6 -0.8) (end 1.6 -0.8) (layer F.Fab) (width 0.1))
    (fp_line (start 1 -1.02) (end -1 -1.02) (layer F.SilkS) (width 0.12))
    (fp_line (start -1 1.02) (end 1 1.02) (layer F.SilkS) (width 0.12))
    (fp_line (start -2.25 -1.05) (end 2.25 -1.05) (layer F.CrtYd) (width 0.05))
    (fp_line (start -2.25 -1.05) (end -2.25 1.05) (layer F.CrtYd) (width 0.05))
    (fp_line (start 2.25 1.05) (end 2.25 -1.05) (layer F.CrtYd) (width 0.05))
    (fp_line (start 2.25 1.05) (end -2.25 1.05) (layer F.CrtYd) (width 0.05))
    (pad 1 smd rect (at -1.5 0 180) (size 1 1.6) (layers F.Cu F.Paste F.Mask)
      (net 3 +3V3))
    (pad 2 smd rect (at 1.5 0 180) (size 1 1.6) (layers F.Cu F.Paste F.Mask)
      (net 1 GND))
    (model Capacitors_SMD.3dshapes/C_1206.wrl
      (at (xyz 0 0 0))
      (scale (xyz 1 1 1))
      (rotate (xyz 0 0 0))
    )
  )

  (module Capacitors_SMD:C_0805 (layer F.Cu) (tedit 58AA8463) (tstamp 5D084FFA)
    (at 189.6745 104.267 270)
    (descr "Capacitor SMD 0805, reflow soldering, AVX (see smccp.pdf)")
    (tags "capacitor 0805")
    (path /5D059B23)
    (attr smd)
    (fp_text reference C3 (at 3.048 -0.1905 270) (layer F.SilkS)
      (effects (font (size 1 1) (thickness 0.15)))
    )
    (fp_text value 100nF (at 0 1.75 270) (layer F.Fab)
      (effects (font (size 1 1) (thickness 0.15)))
    )
    (fp_text user %R (at 0 -1.5 270) (layer F.Fab)
      (effects (font (size 1 1) (thickness 0.15)))
    )
    (fp_line (start -1 0.62) (end -1 -0.62) (layer F.Fab) (width 0.1))
    (fp_line (start 1 0.62) (end -1 0.62) (layer F.Fab) (width 0.1))
    (fp_line (start 1 -0.62) (end 1 0.62) (layer F.Fab) (width 0.1))
    (fp_line (start -1 -0.62) (end 1 -0.62) (layer F.Fab) (width 0.1))
    (fp_line (start 0.5 -0.85) (end -0.5 -0.85) (layer F.SilkS) (width 0.12))
    (fp_line (start -0.5 0.85) (end 0.5 0.85) (layer F.SilkS) (width 0.12))
    (fp_line (start -1.75 -0.88) (end 1.75 -0.88) (layer F.CrtYd) (width 0.05))
    (fp_line (start -1.75 -0.88) (end -1.75 0.87) (layer F.CrtYd) (width 0.05))
    (fp_line (start 1.75 0.87) (end 1.75 -0.88) (layer F.CrtYd) (width 0.05))
    (fp_line (start 1.75 0.87) (end -1.75 0.87) (layer F.CrtYd) (width 0.05))
    (pad 1 smd rect (at -1 0 270) (size 1 1.25) (layers F.Cu F.Paste F.Mask)
      (net 1 GND))
    (pad 2 smd rect (at 1 0 270) (size 1 1.25) (layers F.Cu F.Paste F.Mask)
      (net 4 "Net-(C3-Pad2)"))
    (model Capacitors_SMD.3dshapes/C_0805.wrl
      (at (xyz 0 0 0))
      (scale (xyz 1 1 1))
      (rotate (xyz 0 0 0))
    )
  )

  (module Capacitors_SMD:C_0805 (layer F.Cu) (tedit 58AA8463) (tstamp 5D08500B)
    (at 180.5432 96.6216 180)
    (descr "Capacitor SMD 0805, reflow soldering, AVX (see smccp.pdf)")
    (tags "capacitor 0805")
    (path /5D05AF43)
    (attr smd)
    (fp_text reference C4 (at 0 -1.8034 180) (layer F.SilkS)
      (effects (font (size 1 1) (thickness 0.15)))
    )
    (fp_text value 10nF (at 0 1.75 180) (layer F.Fab)
      (effects (font (size 1 1) (thickness 0.15)))
    )
    (fp_line (start 1.75 0.87) (end -1.75 0.87) (layer F.CrtYd) (width 0.05))
    (fp_line (start 1.75 0.87) (end 1.75 -0.88) (layer F.CrtYd) (width 0.05))
    (fp_line (start -1.75 -0.88) (end -1.75 0.87) (layer F.CrtYd) (width 0.05))
    (fp_line (start -1.75 -0.88) (end 1.75 -0.88) (layer F.CrtYd) (width 0.05))
    (fp_line (start -0.5 0.85) (end 0.5 0.85) (layer F.SilkS) (width 0.12))
    (fp_line (start 0.5 -0.85) (end -0.5 -0.85) (layer F.SilkS) (width 0.12))
    (fp_line (start -1 -0.62) (end 1 -0.62) (layer F.Fab) (width 0.1))
    (fp_line (start 1 -0.62) (end 1 0.62) (layer F.Fab) (width 0.1))
    (fp_line (start 1 0.62) (end -1 0.62) (layer F.Fab) (width 0.1))
    (fp_line (start -1 0.62) (end -1 -0.62) (layer F.Fab) (width 0.1))
    (fp_text user %R (at 0 -1.5 180) (layer F.Fab)
      (effects (font (size 1 1) (thickness 0.15)))
    )
    (pad 2 smd rect (at 1 0 180) (size 1 1.25) (layers F.Cu F.Paste F.Mask)
      (net 1 GND))
    (pad 1 smd rect (at -1 0 180) (size 1 1.25) (layers F.Cu F.Paste F.Mask)
      (net 2 VCC))
    (model Capacitors_SMD.3dshapes/C_0805.wrl
      (at (xyz 0 0 0))
      (scale (xyz 1 1 1))
      (rotate (xyz 0 0 0))
    )
  )

  (module Capacitors_SMD:C_0805 (layer F.Cu) (tedit 58AA8463) (tstamp 5D08501C)
    (at 186.69 96.52)
    (descr "Capacitor SMD 0805, reflow soldering, AVX (see smccp.pdf)")
    (tags "capacitor 0805")
    (path /5D05B3BD)
    (attr smd)
    (fp_text reference C5 (at 0 1.905) (layer F.SilkS)
      (effects (font (size 1 1) (thickness 0.15)))
    )
    (fp_text value 100nF (at 0 1.75) (layer F.Fab)
      (effects (font (size 1 1) (thickness 0.15)))
    )
    (fp_text user %R (at 0 -1.5) (layer F.Fab)
      (effects (font (size 1 1) (thickness 0.15)))
    )
    (fp_line (start -1 0.62) (end -1 -0.62) (layer F.Fab) (width 0.1))
    (fp_line (start 1 0.62) (end -1 0.62) (layer F.Fab) (width 0.1))
    (fp_line (start 1 -0.62) (end 1 0.62) (layer F.Fab) (width 0.1))
    (fp_line (start -1 -0.62) (end 1 -0.62) (layer F.Fab) (width 0.1))
    (fp_line (start 0.5 -0.85) (end -0.5 -0.85) (layer F.SilkS) (width 0.12))
    (fp_line (start -0.5 0.85) (end 0.5 0.85) (layer F.SilkS) (width 0.12))
    (fp_line (start -1.75 -0.88) (end 1.75 -0.88) (layer F.CrtYd) (width 0.05))
    (fp_line (start -1.75 -0.88) (end -1.75 0.87) (layer F.CrtYd) (width 0.05))
    (fp_line (start 1.75 0.87) (end 1.75 -0.88) (layer F.CrtYd) (width 0.05))
    (fp_line (start 1.75 0.87) (end -1.75 0.87) (layer F.CrtYd) (width 0.05))
    (pad 1 smd rect (at -1 0) (size 1 1.25) (layers F.Cu F.Paste F.Mask)
      (net 5 +5V))
    (pad 2 smd rect (at 1 0) (size 1 1.25) (layers F.Cu F.Paste F.Mask)
      (net 1 GND))
    (model Capacitors_SMD.3dshapes/C_0805.wrl
      (at (xyz 0 0 0))
      (scale (xyz 1 1 1))
      (rotate (xyz 0 0 0))
    )
  )

  (module Capacitors_SMD:CP_Elec_3x5.3 (layer F.Cu) (tedit 58AA85CF) (tstamp 5D085036)
    (at 182.88 102.235 270)
    (descr "SMT capacitor, aluminium electrolytic, 3x5.3")
    (path /5D05BC83)
    (attr smd)
    (fp_text reference C6 (at 0 2.9 270) (layer F.SilkS)
      (effects (font (size 1 1) (thickness 0.15)))
    )
    (fp_text value 10uF (at -0.03 -2.9 270) (layer F.Fab)
      (effects (font (size 1 1) (thickness 0.15)))
    )
    (fp_line (start 2.85 1.82) (end -2.85 1.82) (layer F.CrtYd) (width 0.05))
    (fp_line (start 2.85 1.82) (end 2.85 -1.82) (layer F.CrtYd) (width 0.05))
    (fp_line (start -2.85 -1.82) (end -2.85 1.82) (layer F.CrtYd) (width 0.05))
    (fp_line (start -2.85 -1.82) (end 2.85 -1.82) (layer F.CrtYd) (width 0.05))
    (fp_line (start 1.73 -1.71) (end -0.81 -1.71) (layer F.SilkS) (width 0.12))
    (fp_line (start -0.83 1.73) (end 1.71 1.73) (layer F.SilkS) (width 0.12))
    (fp_line (start 1.73 -1.71) (end 1.73 -1.12) (layer F.SilkS) (width 0.12))
    (fp_line (start -0.81 -1.71) (end -1.41 -1.12) (layer F.SilkS) (width 0.12))
    (fp_line (start 1.73 1.73) (end 1.73 1.12) (layer F.SilkS) (width 0.12))
    (fp_line (start -0.83 1.73) (end -1.44 1.12) (layer F.SilkS) (width 0.12))
    (fp_line (start 1.57 -1.56) (end -0.75 -1.56) (layer F.Fab) (width 0.1))
    (fp_line (start 1.56 1.57) (end -0.76 1.57) (layer F.Fab) (width 0.1))
    (fp_line (start 1.57 1.57) (end 1.57 -1.56) (layer F.Fab) (width 0.1))
    (fp_line (start -0.76 1.57) (end -1.56 0.77) (layer F.Fab) (width 0.1))
    (fp_line (start -0.75 -1.56) (end -1.56 -0.75) (layer F.Fab) (width 0.1))
    (fp_line (start -1.56 -0.75) (end -1.56 0.77) (layer F.Fab) (width 0.1))
    (fp_text user %R (at 0 2.9 270) (layer F.Fab)
      (effects (font (size 1 1) (thickness 0.15)))
    )
    (fp_text user + (at -2.22 1.4 270) (layer F.SilkS)
      (effects (font (size 1 1) (thickness 0.15)))
    )
    (fp_text user + (at -0.94 -0.08 270) (layer F.Fab)
      (effects (font (size 1 1) (thickness 0.15)))
    )
    (fp_circle (center 0 0) (end 0.3 1.5) (layer F.Fab) (width 0.1))
    (pad 1 smd rect (at -1.5 0 270) (size 2.2 1.6) (layers F.Cu F.Paste F.Mask)
      (net 5 +5V))
    (pad 2 smd rect (at 1.5 0 270) (size 2.2 1.6) (layers F.Cu F.Paste F.Mask)
      (net 1 GND))
    (model Capacitors_SMD.3dshapes/CP_Elec_3x5.3.wrl
      (at (xyz 0 0 0))
      (scale (xyz 1 1 1))
      (rotate (xyz 0 0 180))
    )
  )

  (module Capacitors_SMD:C_0603 (layer F.Cu) (tedit 59958EE7) (tstamp 5D085047)
    (at 175.1076 105.2322 225)
    (descr "Capacitor SMD 0603, reflow soldering, AVX (see smccp.pdf)")
    (tags "capacitor 0603")
    (path /5D05F226)
    (attr smd)
    (fp_text reference C7 (at 0.951907 1.347038 225) (layer F.SilkS)
      (effects (font (size 1 1) (thickness 0.15)))
    )
    (fp_text value 22pF (at 0 1.5 225) (layer F.Fab)
